
fas3-1> sysstat

CPU    NFS   CIFS   HTTP      Net kB/s     Disk kB/s      Tape kB/s    Cache
                               in   out     read  write    read write     age
  2%      0      1      0       0     0      270    263       0     0      17 
  0%      0      6      0       1     1      253    251       0     0      17 
  1%      0     16      0       4     3      625    615       0     0      17 
  1%      0      9      0       2     2      307    283       0     0      18 
  3%      0      4      0       1     1      506    480       0     0      18 
  0%      0      6      0       1     1      241    243       0     0      18 
  1%      0     10      0       3     2      449    449       0     0      18 
  0%      0      1      0       0     0      221    232       0     0      19 
  3%      0     22      0       5     4      584    602       0     0      19 
  0%      0      5      0       1     1      247    243       0     0      19 
  0%      0      2      0       1     0      293    272       0     0      19 
  1%      0      2      0       0     0      493    456       0     0      20 
  2%      0      3      0       1     0      239    245       0     0      20 
  0%      0      0      0       0     0      422    439       0     0      20 
  0%      0      1      0       0     0      201    209       0     0      20 
  1%      0      3      0       1     1      667    669       0     0      21 
  3%      0      4      0       1     2      309    278       0     0      21 
  0%      0      1      0       0     0      516    464       0     0      21 
  0%      0      0      0       0     0      223    229       0     0      21 
  1%      0      1      0       0     0     1626    233       0     0      22 
